(kicad_pcb (version 20171130) (host pcbnew 5.0.0-fee4fd1~65~ubuntu17.10.1)

  (general
    (thickness 1.6)
    (drawings 0)
    (tracks 0)
    (zones 0)
    (modules 229)
    (nets 137)
  )

  (page A4)
  (layers
    (0 F.Cu signal)
    (31 B.Cu signal)
    (32 B.Adhes user hide)
    (33 F.Adhes user hide)
    (34 B.Paste user hide)
    (35 F.Paste user hide)
    (36 B.SilkS user)
    (37 F.SilkS user)
    (38 B.Mask user hide)
    (39 F.Mask user hide)
    (40 Dwgs.User user hide)
    (41 Cmts.User user hide)
    (42 Eco1.User user hide)
    (43 Eco2.User user hide)
    (44 Edge.Cuts user hide)
    (45 Margin user hide)
    (46 B.CrtYd user hide)
    (47 F.CrtYd user hide)
    (48 B.Fab user hide)
    (49 F.Fab user hide)
  )

  (setup
    (last_trace_width 0.26)
    (trace_clearance 0.26)
    (zone_clearance 0.508)
    (zone_45_only no)
    (trace_min 0.127)
    (segment_width 0.2)
    (edge_width 0.15)
    (via_size 0.64)
    (via_drill 0.4)
    (via_min_size 0.4572)
    (via_min_drill 0.254)
    (uvia_size 0.3)
    (uvia_drill 0.1)
    (uvias_allowed no)
    (uvia_min_size 0.2)
    (uvia_min_drill 0.1)
    (pcb_text_width 0.3)
    (pcb_text_size 1.5 1.5)
    (mod_edge_width 0.15)
    (mod_text_size 1 1)
    (mod_text_width 0.15)
    (pad_size 1.524 1.524)
    (pad_drill 0.762)
    (pad_to_mask_clearance 0.2)
    (aux_axis_origin 0 0)
    (visible_elements FFFFFF7F)
    (pcbplotparams
      (layerselection 0x010fc_ffffffff)
      (usegerberextensions false)
      (usegerberattributes false)
      (usegerberadvancedattributes false)
      (creategerberjobfile false)
      (excludeedgelayer true)
      (linewidth 0.100000)
      (plotframeref false)
      (viasonmask false)
      (mode 1)
      (useauxorigin false)
      (hpglpennumber 1)
      (hpglpenspeed 20)
      (hpglpendiameter 15.000000)
      (psnegative false)
      (psa4output false)
      (plotreference true)
      (plotvalue true)
      (plotinvisibletext false)
      (padsonsilk false)
      (subtractmaskfromsilk false)
      (outputformat 1)
      (mirror false)
      (drillshape 1)
      (scaleselection 1)
      (outputdirectory ""))
  )

  (net 0 "")
  (net 1 "Net-(C1-Pad1)")
  (net 2 GND)
  (net 3 "Net-(C2-Pad1)")
  (net 4 +3V3)
  (net 5 "Net-(C4-Pad1)")
  (net 6 "Net-(C6-Pad1)")
  (net 7 "Net-(C8-Pad1)")
  (net 8 /mcu/IDCHG_B)
  (net 9 /mcu/ICHG_B)
  (net 10 /mcu/IDCHG_A)
  (net 11 /mcu/ICHG_A)
  (net 12 "Net-(C17-Pad2)")
  (net 13 "Net-(C17-Pad1)")
  (net 14 +6V)
  (net 15 "Net-(C19-Pad2)")
  (net 16 "Net-(C20-Pad1)")
  (net 17 "Net-(C24-Pad1)")
  (net 18 "Net-(C26-Pad1)")
  (net 19 "Net-(C27-Pad2)")
  (net 20 "Net-(C27-Pad1)")
  (net 21 "Net-(C28-Pad1)")
  (net 22 /pairB/sheet5BBBF842/Vbatt)
  (net 23 "Net-(C29-Pad2)")
  (net 24 "Net-(C31-Pad1)")
  (net 25 "Net-(C34-Pad1)")
  (net 26 "Net-(C34-Pad2)")
  (net 27 "Net-(C36-Pad2)")
  (net 28 "Net-(C37-Pad1)")
  (net 29 "Net-(C41-Pad1)")
  (net 30 "Net-(C43-Pad1)")
  (net 31 "Net-(C44-Pad2)")
  (net 32 "Net-(C44-Pad1)")
  (net 33 "Net-(C45-Pad1)")
  (net 34 "Net-(C46-Pad2)")
  (net 35 /pairA/sheet5BBBF842/Vbatt)
  (net 36 "Net-(C48-Pad1)")
  (net 37 "Net-(BT1-Pad2)")
  (net 38 "Net-(BT2-Pad2)")
  (net 39 "Net-(BT3-Pad2)")
  (net 40 "Net-(BT4-Pad2)")
  (net 41 "Net-(J2-Pad7)")
  (net 42 "Net-(J2-Pad10)")
  (net 43 "Net-(J2-Pad8)")
  (net 44 "Net-(J2-Pad6)")
  (net 45 "Net-(J2-Pad4)")
  (net 46 "Net-(J2-Pad2)")
  (net 47 "Net-(J3-Pad1)")
  (net 48 "Net-(J3-Pad2)")
  (net 49 "Net-(J3-Pad3)")
  (net 50 "Net-(J3-Pad4)")
  (net 51 /mcu/VBAT2)
  (net 52 /mcu/VBAT3)
  (net 53 /mcu/VBAT0)
  (net 54 /mcu/VBAT1)
  (net 55 /pairB/nDIR)
  (net 56 "Net-(Q1-Pad3)")
  (net 57 /pairB/DIR)
  (net 58 "Net-(Q2-Pad3)")
  (net 59 "Net-(Q3-PadS)")
  (net 60 "Net-(Q29-PadD)")
  (net 61 "Net-(Q30-PadD)")
  (net 62 "Net-(Q6-Pad3)")
  (net 63 "Net-(Q6-Pad1)")
  (net 64 "Net-(Q7-Pad1)")
  (net 65 /pairB/DCHARGE)
  (net 66 "Net-(Q11-PadG)")
  (net 67 "Net-(Q10-Pad3)")
  (net 68 "Net-(Q11-PadD)")
  (net 69 "Net-(Q12-PadD)")
  (net 70 /pairB/sheet5BBBF842/Vsens)
  (net 71 "Net-(Q14-Pad3)")
  (net 72 "Net-(Q15-Pad3)")
  (net 73 /pairA/nDIR)
  (net 74 /pairA/DIR)
  (net 75 "Net-(Q16-Pad3)")
  (net 76 "Net-(Q17-PadS)")
  (net 77 "Net-(Q17-PadD)")
  (net 78 "Net-(Q18-PadD)")
  (net 79 "Net-(Q20-Pad3)")
  (net 80 "Net-(Q20-Pad1)")
  (net 81 "Net-(Q21-Pad1)")
  (net 82 /pairA/DCHARGE)
  (net 83 "Net-(Q23-Pad3)")
  (net 84 "Net-(Q24-Pad3)")
  (net 85 "Net-(Q25-PadD)")
  (net 86 "Net-(Q26-PadD)")
  (net 87 /pairA/sheet5BBBF842/Vsens)
  (net 88 "Net-(Q28-Pad3)")
  (net 89 +5V)
  (net 90 "Net-(R3-Pad2)")
  (net 91 /pairA/ADDR)
  (net 92 /pairB/ADDR)
  (net 93 /SDA)
  (net 94 /SCL)
  (net 95 "Net-(R13-Pad1)")
  (net 96 "Net-(R14-Pad1)")
  (net 97 "Net-(R17-Pad2)")
  (net 98 "Net-(R18-Pad2)")
  (net 99 "Net-(R19-Pad1)")
  (net 100 "Net-(R20-Pad1)")
  (net 101 "Net-(R23-Pad2)")
  (net 102 "Net-(R24-Pad2)")
  (net 103 "Net-(R25-Pad1)")
  (net 104 "Net-(R26-Pad2)")
  (net 105 "Net-(R27-Pad1)")
  (net 106 "Net-(R28-Pad1)")
  (net 107 "Net-(R31-Pad1)")
  (net 108 "Net-(R34-Pad2)")
  (net 109 /mcu/DC_B)
  (net 110 "Net-(R41-Pad2)")
  (net 111 "Net-(R44-Pad2)")
  (net 112 "Net-(R45-Pad1)")
  (net 113 "Net-(R49-Pad1)")
  (net 114 "Net-(R52-Pad2)")
  (net 115 /mcu/CC_B)
  (net 116 "Net-(R61-Pad1)")
  (net 117 "Net-(R62-Pad1)")
  (net 118 "Net-(R63-Pad2)")
  (net 119 "Net-(R64-Pad1)")
  (net 120 "Net-(R65-Pad1)")
  (net 121 "Net-(R68-Pad1)")
  (net 122 "Net-(R71-Pad2)")
  (net 123 /mcu/DC_A)
  (net 124 "Net-(R78-Pad2)")
  (net 125 "Net-(R81-Pad2)")
  (net 126 "Net-(R82-Pad1)")
  (net 127 "Net-(R86-Pad1)")
  (net 128 "Net-(R89-Pad2)")
  (net 129 /mcu/CC_A)
  (net 130 "Net-(R98-Pad1)")
  (net 131 /mcu/CEN_B)
  (net 132 /mcu/CEN_A)
  (net 133 "Net-(U4-Pad3)")
  (net 134 "Net-(U5-Pad3)")
  (net 135 "Net-(U9-Pad3)")
  (net 136 "Net-(U10-Pad3)")

  (net_class Default "This is the default net class."
    (clearance 0.26)
    (trace_width 0.26)
    (via_dia 0.64)
    (via_drill 0.4)
    (uvia_dia 0.3)
    (uvia_drill 0.1)
    (add_net +3V3)
    (add_net +5V)
    (add_net +6V)
    (add_net /SCL)
    (add_net /SDA)
    (add_net /mcu/CC_A)
    (add_net /mcu/CC_B)
    (add_net /mcu/CEN_A)
    (add_net /mcu/CEN_B)
    (add_net /mcu/DC_A)
    (add_net /mcu/DC_B)
    (add_net /mcu/ICHG_A)
    (add_net /mcu/ICHG_B)
    (add_net /mcu/IDCHG_A)
    (add_net /mcu/IDCHG_B)
    (add_net /mcu/VBAT0)
    (add_net /mcu/VBAT1)
    (add_net /mcu/VBAT2)
    (add_net /mcu/VBAT3)
    (add_net /pairA/ADDR)
    (add_net /pairA/DCHARGE)
    (add_net /pairA/DIR)
    (add_net /pairA/nDIR)
    (add_net /pairA/sheet5BBBF842/Vbatt)
    (add_net /pairA/sheet5BBBF842/Vsens)
    (add_net /pairB/ADDR)
    (add_net /pairB/DCHARGE)
    (add_net /pairB/DIR)
    (add_net /pairB/nDIR)
    (add_net /pairB/sheet5BBBF842/Vbatt)
    (add_net /pairB/sheet5BBBF842/Vsens)
    (add_net GND)
    (add_net "Net-(BT1-Pad2)")
    (add_net "Net-(BT2-Pad2)")
    (add_net "Net-(BT3-Pad2)")
    (add_net "Net-(BT4-Pad2)")
    (add_net "Net-(C1-Pad1)")
    (add_net "Net-(C17-Pad1)")
    (add_net "Net-(C17-Pad2)")
    (add_net "Net-(C19-Pad2)")
    (add_net "Net-(C2-Pad1)")
    (add_net "Net-(C20-Pad1)")
    (add_net "Net-(C24-Pad1)")
    (add_net "Net-(C26-Pad1)")
    (add_net "Net-(C27-Pad1)")
    (add_net "Net-(C27-Pad2)")
    (add_net "Net-(C28-Pad1)")
    (add_net "Net-(C29-Pad2)")
    (add_net "Net-(C31-Pad1)")
    (add_net "Net-(C34-Pad1)")
    (add_net "Net-(C34-Pad2)")
    (add_net "Net-(C36-Pad2)")
    (add_net "Net-(C37-Pad1)")
    (add_net "Net-(C4-Pad1)")
    (add_net "Net-(C41-Pad1)")
    (add_net "Net-(C43-Pad1)")
    (add_net "Net-(C44-Pad1)")
    (add_net "Net-(C44-Pad2)")
    (add_net "Net-(C45-Pad1)")
    (add_net "Net-(C46-Pad2)")
    (add_net "Net-(C48-Pad1)")
    (add_net "Net-(C6-Pad1)")
    (add_net "Net-(C8-Pad1)")
    (add_net "Net-(J2-Pad10)")
    (add_net "Net-(J2-Pad2)")
    (add_net "Net-(J2-Pad4)")
    (add_net "Net-(J2-Pad6)")
    (add_net "Net-(J2-Pad7)")
    (add_net "Net-(J2-Pad8)")
    (add_net "Net-(J3-Pad1)")
    (add_net "Net-(J3-Pad2)")
    (add_net "Net-(J3-Pad3)")
    (add_net "Net-(J3-Pad4)")
    (add_net "Net-(Q1-Pad3)")
    (add_net "Net-(Q10-Pad3)")
    (add_net "Net-(Q11-PadD)")
    (add_net "Net-(Q11-PadG)")
    (add_net "Net-(Q12-PadD)")
    (add_net "Net-(Q14-Pad3)")
    (add_net "Net-(Q15-Pad3)")
    (add_net "Net-(Q16-Pad3)")
    (add_net "Net-(Q17-PadD)")
    (add_net "Net-(Q17-PadS)")
    (add_net "Net-(Q18-PadD)")
    (add_net "Net-(Q2-Pad3)")
    (add_net "Net-(Q20-Pad1)")
    (add_net "Net-(Q20-Pad3)")
    (add_net "Net-(Q21-Pad1)")
    (add_net "Net-(Q23-Pad3)")
    (add_net "Net-(Q24-Pad3)")
    (add_net "Net-(Q25-PadD)")
    (add_net "Net-(Q26-PadD)")
    (add_net "Net-(Q28-Pad3)")
    (add_net "Net-(Q29-PadD)")
    (add_net "Net-(Q3-PadS)")
    (add_net "Net-(Q30-PadD)")
    (add_net "Net-(Q6-Pad1)")
    (add_net "Net-(Q6-Pad3)")
    (add_net "Net-(Q7-Pad1)")
    (add_net "Net-(R13-Pad1)")
    (add_net "Net-(R14-Pad1)")
    (add_net "Net-(R17-Pad2)")
    (add_net "Net-(R18-Pad2)")
    (add_net "Net-(R19-Pad1)")
    (add_net "Net-(R20-Pad1)")
    (add_net "Net-(R23-Pad2)")
    (add_net "Net-(R24-Pad2)")
    (add_net "Net-(R25-Pad1)")
    (add_net "Net-(R26-Pad2)")
    (add_net "Net-(R27-Pad1)")
    (add_net "Net-(R28-Pad1)")
    (add_net "Net-(R3-Pad2)")
    (add_net "Net-(R31-Pad1)")
    (add_net "Net-(R34-Pad2)")
    (add_net "Net-(R41-Pad2)")
    (add_net "Net-(R44-Pad2)")
    (add_net "Net-(R45-Pad1)")
    (add_net "Net-(R49-Pad1)")
    (add_net "Net-(R52-Pad2)")
    (add_net "Net-(R61-Pad1)")
    (add_net "Net-(R62-Pad1)")
    (add_net "Net-(R63-Pad2)")
    (add_net "Net-(R64-Pad1)")
    (add_net "Net-(R65-Pad1)")
    (add_net "Net-(R68-Pad1)")
    (add_net "Net-(R71-Pad2)")
    (add_net "Net-(R78-Pad2)")
    (add_net "Net-(R81-Pad2)")
    (add_net "Net-(R82-Pad1)")
    (add_net "Net-(R86-Pad1)")
    (add_net "Net-(R89-Pad2)")
    (add_net "Net-(R98-Pad1)")
    (add_net "Net-(U10-Pad3)")
    (add_net "Net-(U4-Pad3)")
    (add_net "Net-(U5-Pad3)")
    (add_net "Net-(U9-Pad3)")
  )

  (net_class minimum ""
    (clearance 0.13)
    (trace_width 0.13)
    (via_dia 0.48)
    (via_drill 0.26)
    (uvia_dia 0.3)
    (uvia_drill 0.1)
  )

  (module Crystal:Crystal_SMD_HC49-SD (layer F.Cu) (tedit 5A1AD52C) (tstamp 5BDCDD99)
    (at -160 101.6 270)
    (descr "SMD Crystal HC-49-SD http://cdn-reichelt.de/documents/datenblatt/B400/xxx-HC49-SMD.pdf, 11.4x4.7mm^2 package")
    (tags "SMD SMT crystal")
    (path /5B9F4DB1/5BA3A4C3)
    (attr smd)
    (fp_text reference Y1 (at 0 -3.55 270) (layer F.SilkS)
      (effects (font (size 1 1) (thickness 0.15)))
    )
    (fp_text value ABLS-8.000MHZ-B4-T (at 0 3.55 270) (layer F.Fab)
      (effects (font (size 1 1) (thickness 0.15)))
    )
    (fp_text user %R (at 0 0 270) (layer F.Fab)
      (effects (font (size 1 1) (thickness 0.15)))
    )
    (fp_line (start -5.7 -2.35) (end -5.7 2.35) (layer F.Fab) (width 0.1))
    (fp_line (start -5.7 2.35) (end 5.7 2.35) (layer F.Fab) (width 0.1))
    (fp_line (start 5.7 2.35) (end 5.7 -2.35) (layer F.Fab) (width 0.1))
    (fp_line (start 5.7 -2.35) (end -5.7 -2.35) (layer F.Fab) (width 0.1))
    (fp_line (start -3.015 -2.115) (end 3.015 -2.115) (layer F.Fab) (width 0.1))
    (fp_line (start -3.015 2.115) (end 3.015 2.115) (layer F.Fab) (width 0.1))
    (fp_line (start 5.9 -2.55) (end -6.7 -2.55) (layer F.SilkS) (width 0.12))
    (fp_line (start -6.7 -2.55) (end -6.7 2.55) (layer F.SilkS) (width 0.12))
    (fp_line (start -6.7 2.55) (end 5.9 2.55) (layer F.SilkS) (width 0.12))
    (fp_line (start -6.8 -2.6) (end -6.8 2.6) (layer F.CrtYd) (width 0.05))
    (fp_line (start -6.8 2.6) (end 6.8 2.6) (layer F.CrtYd) (width 0.05))
    (fp_line (start 6.8 2.6) (end 6.8 -2.6) (layer F.CrtYd) (width 0.05))
    (fp_line (start 6.8 -2.6) (end -6.8 -2.6) (layer F.CrtYd) (width 0.05))
    (fp_arc (start -3.015 0) (end -3.015 -2.115) (angle -180) (layer F.Fab) (width 0.1))
    (fp_arc (start 3.015 0) (end 3.015 -2.115) (angle 180) (layer F.Fab) (width 0.1))
    (pad 1 smd rect (at -4.25 0 270) (size 4.5 2) (layers F.Cu F.Paste F.Mask)
      (net 6 "Net-(C6-Pad1)"))
    (pad 2 smd rect (at 4.25 0 270) (size 4.5 2) (layers F.Cu F.Paste F.Mask)
      (net 7 "Net-(C8-Pad1)"))
    (model ${KISYS3DMOD}/Crystal.3dshapes/Crystal_SMD_HC49-SD.wrl
      (at (xyz 0 0 0))
      (scale (xyz 1 1 1))
      (rotate (xyz 0 0 0))
    )
  )

  (module project:18650-keyelco (layer F.Cu) (tedit 5BA06681) (tstamp 5BDD4D6A)
    (at 70.8 86.2)
    (path /5BBD093B/5BBBF945)
    (fp_text reference BT1 (at 2.9 8.6) (layer F.SilkS) hide
      (effects (font (size 1 1) (thickness 0.15)))
    )
    (fp_text value Battery_Cell (at 0.6 -7.2) (layer F.Fab)
      (effects (font (size 1 1) (thickness 0.15)))
    )
    (fp_circle (center -23.5 2.54) (end -22 2.54) (layer F.SilkS) (width 0.15))
    (fp_circle (center 23.5 2.54) (end 25 2.54) (layer F.SilkS) (width 0.15))
    (fp_circle (center 23.5 -2.54) (end 22 -2.54) (layer F.SilkS) (width 0.15))
    (fp_circle (center -23.5 -2.54) (end -25 -2.54) (layer F.SilkS) (width 0.15))
    (fp_text user + (at -14.2 -0.5) (layer F.SilkS)
      (effects (font (size 7 7) (thickness 0.25)))
    )
    (fp_text user - (at 14 -0.4) (layer F.SilkS)
      (effects (font (size 7 7) (thickness 0.25)))
    )
  )

  (module project:18650-keyelco (layer F.Cu) (tedit 5BA06681) (tstamp 5BDC30FD)
    (at 86.6 65.3)
    (path /5BBD093B/5BBBF877)
    (fp_text reference BT2 (at 2.9 8.6) (layer F.SilkS) hide
      (effects (font (size 1 1) (thickness 0.15)))
    )
    (fp_text value Battery_Cell (at 0.6 -7.2) (layer F.Fab)
      (effects (font (size 1 1) (thickness 0.15)))
    )
    (fp_text user - (at 14 -0.4) (layer F.SilkS)
      (effects (font (size 7 7) (thickness 0.25)))
    )
    (fp_text user + (at -14.2 -0.5) (layer F.SilkS)
      (effects (font (size 7 7) (thickness 0.25)))
    )
    (fp_circle (center -23.5 -2.54) (end -25 -2.54) (layer F.SilkS) (width 0.15))
    (fp_circle (center 23.5 -2.54) (end 22 -2.54) (layer F.SilkS) (width 0.15))
    (fp_circle (center 23.5 2.54) (end 25 2.54) (layer F.SilkS) (width 0.15))
    (fp_circle (center -23.5 2.54) (end -22 2.54) (layer F.SilkS) (width 0.15))
  )

  (module project:18650-keyelco (layer F.Cu) (tedit 5BA06681) (tstamp 5BDC163A)
    (at 184.4 46.3)
    (path /5BC4835C/5BBBF945)
    (fp_text reference BT3 (at 2.9 8.6) (layer F.SilkS) hide
      (effects (font (size 1 1) (thickness 0.15)))
    )
    (fp_text value Battery_Cell (at 0.6 -7.2) (layer F.Fab)
      (effects (font (size 1 1) (thickness 0.15)))
    )
    (fp_text user - (at 14 -0.4) (layer F.SilkS)
      (effects (font (size 7 7) (thickness 0.25)))
    )
    (fp_text user + (at -14.2 -0.5) (layer F.SilkS)
      (effects (font (size 7 7) (thickness 0.25)))
    )
    (fp_circle (center -23.5 -2.54) (end -25 -2.54) (layer F.SilkS) (width 0.15))
    (fp_circle (center 23.5 -2.54) (end 22 -2.54) (layer F.SilkS) (width 0.15))
    (fp_circle (center 23.5 2.54) (end 25 2.54) (layer F.SilkS) (width 0.15))
    (fp_circle (center -23.5 2.54) (end -22 2.54) (layer F.SilkS) (width 0.15))
  )

  (module project:18650-keyelco (layer F.Cu) (tedit 5BA06681) (tstamp 5BDC1E44)
    (at 185.075001 72.3)
    (path /5BC4835C/5BBBF877)
    (fp_text reference BT4 (at 2.9 8.6) (layer F.SilkS) hide
      (effects (font (size 1 1) (thickness 0.15)))
    )
    (fp_text value Battery_Cell (at 0.6 -7.2) (layer F.Fab)
      (effects (font (size 1 1) (thickness 0.15)))
    )
    (fp_circle (center -23.5 2.54) (end -22 2.54) (layer F.SilkS) (width 0.15))
    (fp_circle (center 23.5 2.54) (end 25 2.54) (layer F.SilkS) (width 0.15))
    (fp_circle (center 23.5 -2.54) (end 22 -2.54) (layer F.SilkS) (width 0.15))
    (fp_circle (center -23.5 -2.54) (end -25 -2.54) (layer F.SilkS) (width 0.15))
    (fp_text user + (at -14.2 -0.5) (layer F.SilkS)
      (effects (font (size 7 7) (thickness 0.25)))
    )
    (fp_text user - (at 14 -0.4) (layer F.SilkS)
      (effects (font (size 7 7) (thickness 0.25)))
    )
  )

  (module Capacitor_SMD:C_0603_1608Metric (layer F.Cu) (tedit 5B20DC38) (tstamp 5BDC120F)
    (at 218.485001 133.425001)
    (descr "Capacitor SMD 0603 (1608 Metric), square (rectangular) end terminal, IPC_7351 nominal, (Body size source: http://www.tortai-tech.com/upload/download/2011102023233369053.pdf), generated with kicad-footprint-generator")
    (tags capacitor)
    (path /5BC3FC75)
    (attr smd)
    (fp_text reference C1 (at 0 -1.43) (layer F.SilkS)
      (effects (font (size 1 1) (thickness 0.15)))
    )
    (fp_text value 1u (at 0 1.43) (layer F.Fab)
      (effects (font (size 1 1) (thickness 0.15)))
    )
    (fp_line (start -0.8 0.4) (end -0.8 -0.4) (layer F.Fab) (width 0.1))
    (fp_line (start -0.8 -0.4) (end 0.8 -0.4) (layer F.Fab) (width 0.1))
    (fp_line (start 0.8 -0.4) (end 0.8 0.4) (layer F.Fab) (width 0.1))
    (fp_line (start 0.8 0.4) (end -0.8 0.4) (layer F.Fab) (width 0.1))
    (fp_line (start -0.162779 -0.51) (end 0.162779 -0.51) (layer F.SilkS) (width 0.12))
    (fp_line (start -0.162779 0.51) (end 0.162779 0.51) (layer F.SilkS) (width 0.12))
    (fp_line (start -1.48 0.73) (end -1.48 -0.73) (layer F.CrtYd) (width 0.05))
    (fp_line (start -1.48 -0.73) (end 1.48 -0.73) (layer F.CrtYd) (width 0.05))
    (fp_line (start 1.48 -0.73) (end 1.48 0.73) (layer F.CrtYd) (width 0.05))
    (fp_line (start 1.48 0.73) (end -1.48 0.73) (layer F.CrtYd) (width 0.05))
    (fp_text user %R (at 0 0) (layer F.Fab)
      (effects (font (size 0.4 0.4) (thickness 0.06)))
    )
    (pad 1 smd roundrect (at -0.7875 0) (size 0.875 0.95) (layers F.Cu F.Paste F.Mask) (roundrect_rratio 0.25)
      (net 1 "Net-(C1-Pad1)"))
    (pad 2 smd roundrect (at 0.7875 0) (size 0.875 0.95) (layers F.Cu F.Paste F.Mask) (roundrect_rratio 0.25)
      (net 2 GND))
    (model ${KISYS3DMOD}/Capacitor_SMD.3dshapes/C_0603_1608Metric.wrl
      (at (xyz 0 0 0))
      (scale (xyz 1 1 1))
      (rotate (xyz 0 0 0))
    )
  )

  (module Capacitor_SMD:C_0603_1608Metric (layer F.Cu) (tedit 5B20DC38) (tstamp 5BDC16BC)
    (at 221.495001 130.405001)
    (descr "Capacitor SMD 0603 (1608 Metric), square (rectangular) end terminal, IPC_7351 nominal, (Body size source: http://www.tortai-tech.com/upload/download/2011102023233369053.pdf), generated with kicad-footprint-generator")
    (tags capacitor)
    (path /5BC3FC7C)
    (attr smd)
    (fp_text reference C2 (at 0 -1.43) (layer F.SilkS)
      (effects (font (size 1 1) (thickness 0.15)))
    )
    (fp_text value 470p (at 0 1.43) (layer F.Fab)
      (effects (font (size 1 1) (thickness 0.15)))
    )
    (fp_line (start -0.8 0.4) (end -0.8 -0.4) (layer F.Fab) (width 0.1))
    (fp_line (start -0.8 -0.4) (end 0.8 -0.4) (layer F.Fab) (width 0.1))
    (fp_line (start 0.8 -0.4) (end 0.8 0.4) (layer F.Fab) (width 0.1))
    (fp_line (start 0.8 0.4) (end -0.8 0.4) (layer F.Fab) (width 0.1))
    (fp_line (start -0.162779 -0.51) (end 0.162779 -0.51) (layer F.SilkS) (width 0.12))
    (fp_line (start -0.162779 0.51) (end 0.162779 0.51) (layer F.SilkS) (width 0.12))
    (fp_line (start -1.48 0.73) (end -1.48 -0.73) (layer F.CrtYd) (width 0.05))
    (fp_line (start -1.48 -0.73) (end 1.48 -0.73) (layer F.CrtYd) (width 0.05))
    (fp_line (start 1.48 -0.73) (end 1.48 0.73) (layer F.CrtYd) (width 0.05))
    (fp_line (start 1.48 0.73) (end -1.48 0.73) (layer F.CrtYd) (width 0.05))
    (fp_text user %R (at 0 0) (layer F.Fab)
      (effects (font (size 0.4 0.4) (thickness 0.06)))
    )
    (pad 1 smd roundrect (at -0.7875 0) (size 0.875 0.95) (layers F.Cu F.Paste F.Mask) (roundrect_rratio 0.25)
      (net 3 "Net-(C2-Pad1)"))
    (pad 2 smd roundrect (at 0.7875 0) (size 0.875 0.95) (layers F.Cu F.Paste F.Mask) (roundrect_rratio 0.25)
      (net 2 GND))
    (model ${KISYS3DMOD}/Capacitor_SMD.3dshapes/C_0603_1608Metric.wrl
      (at (xyz 0 0 0))
      (scale (xyz 1 1 1))
      (rotate (xyz 0 0 0))
    )
  )

  (module Capacitor_SMD:C_0603_1608Metric (layer F.Cu) (tedit 5B20DC38) (tstamp 5BDC07EC)
    (at 218.485001 131.915001)
    (descr "Capacitor SMD 0603 (1608 Metric), square (rectangular) end terminal, IPC_7351 nominal, (Body size source: http://www.tortai-tech.com/upload/download/2011102023233369053.pdf), generated with kicad-footprint-generator")
    (tags capacitor)
    (path /5BC3FC83)
    (attr smd)
    (fp_text reference C3 (at 0 -1.43) (layer F.SilkS)
      (effects (font (size 1 1) (thickness 0.15)))
    )
    (fp_text value 2u2 (at 0 1.43) (layer F.Fab)
      (effects (font (size 1 1) (thickness 0.15)))
    )
    (fp_text user %R (at 0 0) (layer F.Fab)
      (effects (font (size 0.4 0.4) (thickness 0.06)))
    )
    (fp_line (start 1.48 0.73) (end -1.48 0.73) (layer F.CrtYd) (width 0.05))
    (fp_line (start 1.48 -0.73) (end 1.48 0.73) (layer F.CrtYd) (width 0.05))
    (fp_line (start -1.48 -0.73) (end 1.48 -0.73) (layer F.CrtYd) (width 0.05))
    (fp_line (start -1.48 0.73) (end -1.48 -0.73) (layer F.CrtYd) (width 0.05))
    (fp_line (start -0.162779 0.51) (end 0.162779 0.51) (layer F.SilkS) (width 0.12))
    (fp_line (start -0.162779 -0.51) (end 0.162779 -0.51) (layer F.SilkS) (width 0.12))
    (fp_line (start 0.8 0.4) (end -0.8 0.4) (layer F.Fab) (width 0.1))
    (fp_line (start 0.8 -0.4) (end 0.8 0.4) (layer F.Fab) (width 0.1))
    (fp_line (start -0.8 -0.4) (end 0.8 -0.4) (layer F.Fab) (width 0.1))
    (fp_line (start -0.8 0.4) (end -0.8 -0.4) (layer F.Fab) (width 0.1))
    (pad 2 smd roundrect (at 0.7875 0) (size 0.875 0.95) (layers F.Cu F.Paste F.Mask) (roundrect_rratio 0.25)
      (net 2 GND))
    (pad 1 smd roundrect (at -0.7875 0) (size 0.875 0.95) (layers F.Cu F.Paste F.Mask) (roundrect_rratio 0.25)
      (net 4 +3V3))
    (model ${KISYS3DMOD}/Capacitor_SMD.3dshapes/C_0603_1608Metric.wrl
      (at (xyz 0 0 0))
      (scale (xyz 1 1 1))
      (rotate (xyz 0 0 0))
    )
  )

  (module Capacitor_SMD:C_0603_1608Metric (layer F.Cu) (tedit 5B20DC38) (tstamp 5BDD05D4)
    (at -133.4 94.9 90)
    (descr "Capacitor SMD 0603 (1608 Metric), square (rectangular) end terminal, IPC_7351 nominal, (Body size source: http://www.tortai-tech.com/upload/download/2011102023233369053.pdf), generated with kicad-footprint-generator")
    (tags capacitor)
    (path /5B9F4DB1/5BA3AADE)
    (attr smd)
    (fp_text reference C4 (at 0 -1.43 90) (layer F.SilkS)
      (effects (font (size 1 1) (thickness 0.15)))
    )
    (fp_text value 4n7 (at 0 1.43 90) (layer F.Fab)
      (effects (font (size 1 1) (thickness 0.15)))
    )
    (fp_text user %R (at 0 0 90) (layer F.Fab)
      (effects (font (size 0.4 0.4) (thickness 0.06)))
    )
    (fp_line (start 1.48 0.73) (end -1.48 0.73) (layer F.CrtYd) (width 0.05))
    (fp_line (start 1.48 -0.73) (end 1.48 0.73) (layer F.CrtYd) (width 0.05))
    (fp_line (start -1.48 -0.73) (end 1.48 -0.73) (layer F.CrtYd) (width 0.05))
    (fp_line (start -1.48 0.73) (end -1.48 -0.73) (layer F.CrtYd) (width 0.05))
    (fp_line (start -0.162779 0.51) (end 0.162779 0.51) (layer F.SilkS) (width 0.12))
    (fp_line (start -0.162779 -0.51) (end 0.162779 -0.51) (layer F.SilkS) (width 0.12))
    (fp_line (start 0.8 0.4) (end -0.8 0.4) (layer F.Fab) (width 0.1))
    (fp_line (start 0.8 -0.4) (end 0.8 0.4) (layer F.Fab) (width 0.1))
    (fp_line (start -0.8 -0.4) (end 0.8 -0.4) (layer F.Fab) (width 0.1))
    (fp_line (start -0.8 0.4) (end -0.8 -0.4) (layer F.Fab) (width 0.1))
    (pad 2 smd roundrect (at 0.7875 0 90) (size 0.875 0.95) (layers F.Cu F.Paste F.Mask) (roundrect_rratio 0.25)
      (net 2 GND))
    (pad 1 smd roundrect (at -0.7875 0 90) (size 0.875 0.95) (layers F.Cu F.Paste F.Mask) (roundrect_rratio 0.25)
      (net 5 "Net-(C4-Pad1)"))
    (model ${KISYS3DMOD}/Capacitor_SMD.3dshapes/C_0603_1608Metric.wrl
      (at (xyz 0 0 0))
      (scale (xyz 1 1 1))
      (rotate (xyz 0 0 0))
    )
  )

  (module Capacitor_SMD:C_0603_1608Metric (layer F.Cu) (tedit 5B20DC38) (tstamp 5BDC2C2B)
    (at -156.5 105.6 270)
    (descr "Capacitor SMD 0603 (1608 Metric), square (rectangular) end terminal, IPC_7351 nominal, (Body size source: http://www.tortai-tech.com/upload/download/2011102023233369053.pdf), generated with kicad-footprint-generator")
    (tags capacitor)
    (path /5B9F4DB1/5BA148C8)
    (attr smd)
    (fp_text reference C5 (at 0 -1.43 270) (layer F.SilkS)
      (effects (font (size 1 1) (thickness 0.15)))
    )
    (fp_text value 100n (at 0 1.43 270) (layer F.Fab)
      (effects (font (size 1 1) (thickness 0.15)))
    )
    (fp_text user %R (at 0 0 270) (layer F.Fab)
      (effects (font (size 0.4 0.4) (thickness 0.06)))
    )
    (fp_line (start 1.48 0.73) (end -1.48 0.73) (layer F.CrtYd) (width 0.05))
    (fp_line (start 1.48 -0.73) (end 1.48 0.73) (layer F.CrtYd) (width 0.05))
    (fp_line (start -1.48 -0.73) (end 1.48 -0.73) (layer F.CrtYd) (width 0.05))
    (fp_line (start -1.48 0.73) (end -1.48 -0.73) (layer F.CrtYd) (width 0.05))
    (fp_line (start -0.162779 0.51) (end 0.162779 0.51) (layer F.SilkS) (width 0.12))
    (fp_line (start -0.162779 -0.51) (end 0.162779 -0.51) (layer F.SilkS) (width 0.12))
    (fp_line (start 0.8 0.4) (end -0.8 0.4) (layer F.Fab) (width 0.1))
    (fp_line (start 0.8 -0.4) (end 0.8 0.4) (layer F.Fab) (width 0.1))
    (fp_line (start -0.8 -0.4) (end 0.8 -0.4) (layer F.Fab) (width 0.1))
    (fp_line (start -0.8 0.4) (end -0.8 -0.4) (layer F.Fab) (width 0.1))
    (pad 2 smd roundrect (at 0.7875 0 270) (size 0.875 0.95) (layers F.Cu F.Paste F.Mask) (roundrect_rratio 0.25)
      (net 2 GND))
    (pad 1 smd roundrect (at -0.7875 0 270) (size 0.875 0.95) (layers F.Cu F.Paste F.Mask) (roundrect_rratio 0.25)
      (net 4 +3V3))
    (model ${KISYS3DMOD}/Capacitor_SMD.3dshapes/C_0603_1608Metric.wrl
      (at (xyz 0 0 0))
      (scale (xyz 1 1 1))
      (rotate (xyz 0 0 0))
    )
  )

  (module Capacitor_SMD:C_0603_1608Metric (layer F.Cu) (tedit 5B20DC38) (tstamp 5BDC0A53)
    (at -164 100.2875 270)
    (descr "Capacitor SMD 0603 (1608 Metric), square (rectangular) end terminal, IPC_7351 nominal, (Body size source: http://www.tortai-tech.com/upload/download/2011102023233369053.pdf), generated with kicad-footprint-generator")
    (tags capacitor)
    (path /5B9F4DB1/5BA3A5BD)
    (attr smd)
    (fp_text reference C6 (at 0 -1.43 270) (layer F.SilkS)
      (effects (font (size 1 1) (thickness 0.15)))
    )
    (fp_text value 18p (at 0 1.43 270) (layer F.Fab)
      (effects (font (size 1 1) (thickness 0.15)))
    )
    (fp_text user %R (at 0 0 270) (layer F.Fab)
      (effects (font (size 0.4 0.4) (thickness 0.06)))
    )
    (fp_line (start 1.48 0.73) (end -1.48 0.73) (layer F.CrtYd) (width 0.05))
    (fp_line (start 1.48 -0.73) (end 1.48 0.73) (layer F.CrtYd) (width 0.05))
    (fp_line (start -1.48 -0.73) (end 1.48 -0.73) (layer F.CrtYd) (width 0.05))
    (fp_line (start -1.48 0.73) (end -1.48 -0.73) (layer F.CrtYd) (width 0.05))
    (fp_line (start -0.162779 0.51) (end 0.162779 0.51) (layer F.SilkS) (width 0.12))
    (fp_line (start -0.162779 -0.51) (end 0.162779 -0.51) (layer F.SilkS) (width 0.12))
    (fp_line (start 0.8 0.4) (end -0.8 0.4) (layer F.Fab) (width 0.1))
    (fp_line (start 0.8 -0.4) (end 0.8 0.4) (layer F.Fab) (width 0.1))
    (fp_line (start -0.8 -0.4) (end 0.8 -0.4) (layer F.Fab) (width 0.1))
    (fp_line (start -0.8 0.4) (end -0.8 -0.4) (layer F.Fab) (width 0.1))
    (pad 2 smd roundrect (at 0.7875 0 270) (size 0.875 0.95) (layers F.Cu F.Paste F.Mask) (roundrect_rratio 0.25)
      (net 2 GND))
    (pad 1 smd roundrect (at -0.7875 0 270) (size 0.875 0.95) (layers F.Cu F.Paste F.Mask) (roundrect_rratio 0.25)
      (net 6 "Net-(C6-Pad1)"))
    (model ${KISYS3DMOD}/Capacitor_SMD.3dshapes/C_0603_1608Metric.wrl
      (at (xyz 0 0 0))
      (scale (xyz 1 1 1))
      (rotate (xyz 0 0 0))
    )
  )

  (module Capacitor_SMD:C_0603_1608Metric (layer F.Cu) (tedit 5B20DC38) (tstamp 5BDC2D6C)
    (at -154.1 97.5 270)
    (descr "Capacitor SMD 0603 (1608 Metric), square (rectangular) end terminal, IPC_7351 nominal, (Body size source: http://www.tortai-tech.com/upload/download/2011102023233369053.pdf), generated with kicad-footprint-generator")
    (tags capacitor)
    (path /5B9F4DB1/5BA1671E)
    (attr smd)
    (fp_text reference C7 (at 0 -1.43 270) (layer F.SilkS)
      (effects (font (size 1 1) (thickness 0.15)))
    )
    (fp_text value 100n (at 0 1.43 270) (layer F.Fab)
      (effects (font (size 1 1) (thickness 0.15)))
    )
    (fp_line (start -0.8 0.4) (end -0.8 -0.4) (layer F.Fab) (width 0.1))
    (fp_line (start -0.8 -0.4) (end 0.8 -0.4) (layer F.Fab) (width 0.1))
    (fp_line (start 0.8 -0.4) (end 0.8 0.4) (layer F.Fab) (width 0.1))
    (fp_line (start 0.8 0.4) (end -0.8 0.4) (layer F.Fab) (width 0.1))
    (fp_line (start -0.162779 -0.51) (end 0.162779 -0.51) (layer F.SilkS) (width 0.12))
    (fp_line (start -0.162779 0.51) (end 0.162779 0.51) (layer F.SilkS) (width 0.12))
    (fp_line (start -1.48 0.73) (end -1.48 -0.73) (layer F.CrtYd) (width 0.05))
    (fp_line (start -1.48 -0.73) (end 1.48 -0.73) (layer F.CrtYd) (width 0.05))
    (fp_line (start 1.48 -0.73) (end 1.48 0.73) (layer F.CrtYd) (width 0.05))
    (fp_line (start 1.48 0.73) (end -1.48 0.73) (layer F.CrtYd) (width 0.05))
    (fp_text user %R (at 0 0 270) (layer F.Fab)
      (effects (font (size 0.4 0.4) (thickness 0.06)))
    )
    (pad 1 smd roundrect (at -0.7875 0 270) (size 0.875 0.95) (layers F.Cu F.Paste F.Mask) (roundrect_rratio 0.25)
      (net 4 +3V3))
    (pad 2 smd roundrect (at 0.7875 0 270) (size 0.875 0.95) (layers F.Cu F.Paste F.Mask) (roundrect_rratio 0.25)
      (net 2 GND))
    (model ${KISYS3DMOD}/Capacitor_SMD.3dshapes/C_0603_1608Metric.wrl
      (at (xyz 0 0 0))
      (scale (xyz 1 1 1))
      (rotate (xyz 0 0 0))
    )
  )

  (module Capacitor_SMD:C_0603_1608Metric (layer F.Cu) (tedit 5B20DC38) (tstamp 5BDC2CEB)
    (at -164 103.5 90)
    (descr "Capacitor SMD 0603 (1608 Metric), square (rectangular) end terminal, IPC_7351 nominal, (Body size source: http://www.tortai-tech.com/upload/download/2011102023233369053.pdf), generated with kicad-footprint-generator")
    (tags capacitor)
    (path /5B9F4DB1/5BA3A529)
    (attr smd)
    (fp_text reference C8 (at 0 -1.43 90) (layer F.SilkS)
      (effects (font (size 1 1) (thickness 0.15)))
    )
    (fp_text value 18p (at 0 1.43 90) (layer F.Fab)
      (effects (font (size 1 1) (thickness 0.15)))
    )
    (fp_line (start -0.8 0.4) (end -0.8 -0.4) (layer F.Fab) (width 0.1))
    (fp_line (start -0.8 -0.4) (end 0.8 -0.4) (layer F.Fab) (width 0.1))
    (fp_line (start 0.8 -0.4) (end 0.8 0.4) (layer F.Fab) (width 0.1))
    (fp_line (start 0.8 0.4) (end -0.8 0.4) (layer F.Fab) (width 0.1))
    (fp_line (start -0.162779 -0.51) (end 0.162779 -0.51) (layer F.SilkS) (width 0.12))
    (fp_line (start -0.162779 0.51) (end 0.162779 0.51) (layer F.SilkS) (width 0.12))
    (fp_line (start -1.48 0.73) (end -1.48 -0.73) (layer F.CrtYd) (width 0.05))
    (fp_line (start -1.48 -0.73) (end 1.48 -0.73) (layer F.CrtYd) (width 0.05))
    (fp_line (start 1.48 -0.73) (end 1.48 0.73) (layer F.CrtYd) (width 0.05))
    (fp_line (start 1.48 0.73) (end -1.48 0.73) (layer F.CrtYd) (width 0.05))
    (fp_text user %R (at 0 0 90) (layer F.Fab)
      (effects (font (size 0.4 0.4) (thickness 0.06)))
    )
    (pad 1 smd roundrect (at -0.7875 0 90) (size 0.875 0.95) (layers F.Cu F.Paste F.Mask) (roundrect_rratio 0.25)
      (net 7 "Net-(C8-Pad1)"))
    (pad 2 smd roundrect (at 0.7875 0 90) (size 0.875 0.95) (layers F.Cu F.Paste F.Mask) (roundrect_rratio 0.25)
      (net 2 GND))
    (model ${KISYS3DMOD}/Capacitor_SMD.3dshapes/C_0603_1608Metric.wrl
      (at (xyz 0 0 0))
      (scale (xyz 1 1 1))
      (rotate (xyz 0 0 0))
    )
  )

  (module Capacitor_SMD:C_0603_1608Metric (layer F.Cu) (tedit 5B20DC38) (tstamp 5BDC126F)
    (at -144.4 107.1 180)
    (descr "Capacitor SMD 0603 (1608 Metric), square (rectangular) end terminal, IPC_7351 nominal, (Body size source: http://www.tortai-tech.com/upload/download/2011102023233369053.pdf), generated with kicad-footprint-generator")
    (tags capacitor)
    (path /5B9F4DB1/5BA16756)
    (attr smd)
    (fp_text reference C9 (at 0 -1.43 180) (layer F.SilkS)
      (effects (font (size 1 1) (thickness 0.15)))
    )
    (fp_text value 100n (at 0 1.43 180) (layer F.Fab)
      (effects (font (size 1 1) (thickness 0.15)))
    )
    (fp_text user %R (at 0 0 180) (layer F.Fab)
      (effects (font (size 0.4 0.4) (thickness 0.06)))
    )
    (fp_line (start 1.48 0.73) (end -1.48 0.73) (layer F.CrtYd) (width 0.05))
    (fp_line (start 1.48 -0.73) (end 1.48 0.73) (layer F.CrtYd) (width 0.05))
    (fp_line (start -1.48 -0.73) (end 1.48 -0.73) (layer F.CrtYd) (width 0.05))
    (fp_line (start -1.48 0.73) (end -1.48 -0.73) (layer F.CrtYd) (width 0.05))
    (fp_line (start -0.162779 0.51) (end 0.162779 0.51) (layer F.SilkS) (width 0.12))
    (fp_line (start -0.162779 -0.51) (end 0.162779 -0.51) (layer F.SilkS) (width 0.12))
    (fp_line (start 0.8 0.4) (end -0.8 0.4) (layer F.Fab) (width 0.1))
    (fp_line (start 0.8 -0.4) (end 0.8 0.4) (layer F.Fab) (width 0.1))
    (fp_line (start -0.8 -0.4) (end 0.8 -0.4) (layer F.Fab) (width 0.1))
    (fp_line (start -0.8 0.4) (end -0.8 -0.4) (layer F.Fab) (width 0.1))
    (pad 2 smd roundrect (at 0.7875 0 180) (size 0.875 0.95) (layers F.Cu F.Paste F.Mask) (roundrect_rratio 0.25)
      (net 2 GND))
    (pad 1 smd roundrect (at -0.7875 0 180) (size 0.875 0.95) (layers F.Cu F.Paste F.Mask) (roundrect_rratio 0.25)
      (net 4 +3V3))
    (model ${KISYS3DMOD}/Capacitor_SMD.3dshapes/C_0603_1608Metric.wrl
      (at (xyz 0 0 0))
      (scale (xyz 1 1 1))
      (rotate (xyz 0 0 0))
    )
  )

  (module Capacitor_SMD:C_0603_1608Metric (layer F.Cu) (tedit 5B20DC38) (tstamp 5BDC1D1F)
    (at -145.3 89.7 180)
    (descr "Capacitor SMD 0603 (1608 Metric), square (rectangular) end terminal, IPC_7351 nominal, (Body size source: http://www.tortai-tech.com/upload/download/2011102023233369053.pdf), generated with kicad-footprint-generator")
    (tags capacitor)
    (path /5B9F4DB1/5BB7BACF)
    (attr smd)
    (fp_text reference C10 (at 0 -1.43 180) (layer F.SilkS)
      (effects (font (size 1 1) (thickness 0.15)))
    )
    (fp_text value 100n (at 0 1.43 180) (layer F.Fab)
      (effects (font (size 1 1) (thickness 0.15)))
    )
    (fp_line (start -0.8 0.4) (end -0.8 -0.4) (layer F.Fab) (width 0.1))
    (fp_line (start -0.8 -0.4) (end 0.8 -0.4) (layer F.Fab) (width 0.1))
    (fp_line (start 0.8 -0.4) (end 0.8 0.4) (layer F.Fab) (width 0.1))
    (fp_line (start 0.8 0.4) (end -0.8 0.4) (layer F.Fab) (width 0.1))
    (fp_line (start -0.162779 -0.51) (end 0.162779 -0.51) (layer F.SilkS) (width 0.12))
    (fp_line (start -0.162779 0.51) (end 0.162779 0.51) (layer F.SilkS) (width 0.12))
    (fp_line (start -1.48 0.73) (end -1.48 -0.73) (layer F.CrtYd) (width 0.05))
    (fp_line (start -1.48 -0.73) (end 1.48 -0.73) (layer F.CrtYd) (width 0.05))
    (fp_line (start 1.48 -0.73) (end 1.48 0.73) (layer F.CrtYd) (width 0.05))
    (fp_line (start 1.48 0.73) (end -1.48 0.73) (layer F.CrtYd) (width 0.05))
    (fp_text user %R (at 0 0 180) (layer F.Fab)
      (effects (font (size 0.4 0.4) (thickness 0.06)))
    )
    (pad 1 smd roundrect (at -0.7875 0 180) (size 0.875 0.95) (layers F.Cu F.Paste F.Mask) (roundrect_rratio 0.25)
      (net 4 +3V3))
    (pad 2 smd roundrect (at 0.7875 0 180) (size 0.875 0.95) (layers F.Cu F.Paste F.Mask) (roundrect_rratio 0.25)
      (net 2 GND))
    (model ${KISYS3DMOD}/Capacitor_SMD.3dshapes/C_0603_1608Metric.wrl
      (at (xyz 0 0 0))
      (scale (xyz 1 1 1))
      (rotate (xyz 0 0 0))
    )
  )

  (module Capacitor_SMD:C_0603_1608Metric (layer F.Cu) (tedit 5B20DC38) (tstamp 5BDC046B)
    (at -159.7 130.8)
    (descr "Capacitor SMD 0603 (1608 Metric), square (rectangular) end terminal, IPC_7351 nominal, (Body size source: http://www.tortai-tech.com/upload/download/2011102023233369053.pdf), generated with kicad-footprint-generator")
    (tags capacitor)
    (path /5B9F4DB1/5B9F9D81)
    (attr smd)
    (fp_text reference C11 (at 0 -1.43) (layer F.SilkS)
      (effects (font (size 1 1) (thickness 0.15)))
    )
    (fp_text value 100n (at 0 1.43) (layer F.Fab)
      (effects (font (size 1 1) (thickness 0.15)))
    )
    (fp_text user %R (at 0 0) (layer F.Fab)
      (effects (font (size 0.4 0.4) (thickness 0.06)))
    )
    (fp_line (start 1.48 0.73) (end -1.48 0.73) (layer F.CrtYd) (width 0.05))
    (fp_line (start 1.48 -0.73) (end 1.48 0.73) (layer F.CrtYd) (width 0.05))
    (fp_line (start -1.48 -0.73) (end 1.48 -0.73) (layer F.CrtYd) (width 0.05))
    (fp_line (start -1.48 0.73) (end -1.48 -0.73) (layer F.CrtYd) (width 0.05))
    (fp_line (start -0.162779 0.51) (end 0.162779 0.51) (layer F.SilkS) (width 0.12))
    (fp_line (start -0.162779 -0.51) (end 0.162779 -0.51) (layer F.SilkS) (width 0.12))
    (fp_line (start 0.8 0.4) (end -0.8 0.4) (layer F.Fab) (width 0.1))
    (fp_line (start 0.8 -0.4) (end 0.8 0.4) (layer F.Fab) (width 0.1))
    (fp_line (start -0.8 -0.4) (end 0.8 -0.4) (layer F.Fab) (width 0.1))
    (fp_line (start -0.8 0.4) (end -0.8 -0.4) (layer F.Fab) (width 0.1))
    (pad 2 smd roundrect (at 0.7875 0) (size 0.875 0.95) (layers F.Cu F.Paste F.Mask) (roundrect_rratio 0.25)
      (net 2 GND))
    (pad 1 smd roundrect (at -0.7875 0) (size 0.875 0.95) (layers F.Cu F.Paste F.Mask) (roundrect_rratio 0.25)
      (net 8 /mcu/IDCHG_B))
    (model ${KISYS3DMOD}/Capacitor_SMD.3dshapes/C_0603_1608Metric.wrl
      (at (xyz 0 0 0))
      (scale (xyz 1 1 1))
      (rotate (xyz 0 0 0))
    )
  )

  (module Capacitor_SMD:C_0603_1608Metric (layer F.Cu) (tedit 5B20DC38) (tstamp 5BDC135C)
    (at -159.3125 137.3)
    (descr "Capacitor SMD 0603 (1608 Metric), square (rectangular) end terminal, IPC_7351 nominal, (Body size source: http://www.tortai-tech.com/upload/download/2011102023233369053.pdf), generated with kicad-footprint-generator")
    (tags capacitor)
    (path /5B9F4DB1/5B9FA52C)
    (attr smd)
    (fp_text reference C12 (at 0 -1.43) (layer F.SilkS)
      (effects (font (size 1 1) (thickness 0.15)))
    )
    (fp_text value 100n (at 0 1.43) (layer F.Fab)
      (effects (font (size 1 1) (thickness 0.15)))
    )
    (fp_line (start -0.8 0.4) (end -0.8 -0.4) (layer F.Fab) (width 0.1))
    (fp_line (start -0.8 -0.4) (end 0.8 -0.4) (layer F.Fab) (width 0.1))
    (fp_line (start 0.8 -0.4) (end 0.8 0.4) (layer F.Fab) (width 0.1))
    (fp_line (start 0.8 0.4) (end -0.8 0.4) (layer F.Fab) (width 0.1))
    (fp_line (start -0.162779 -0.51) (end 0.162779 -0.51) (layer F.SilkS) (width 0.12))
    (fp_line (start -0.162779 0.51) (end 0.162779 0.51) (layer F.SilkS) (width 0.12))
    (fp_line (start -1.48 0.73) (end -1.48 -0.73) (layer F.CrtYd) (width 0.05))
    (fp_line (start -1.48 -0.73) (end 1.48 -0.73) (layer F.CrtYd) (width 0.05))
    (fp_line (start 1.48 -0.73) (end 1.48 0.73) (layer F.CrtYd) (width 0.05))
    (fp_line (start 1.48 0.73) (end -1.48 0.73) (layer F.CrtYd) (width 0.05))
    (fp_text user %R (at 0 0) (layer F.Fab)
      (effects (font (size 0.4 0.4) (thickness 0.06)))
    )
    (pad 1 smd roundrect (at -0.7875 0) (size 0.875 0.95) (layers F.Cu F.Paste F.Mask) (roundrect_rratio 0.25)
      (net 9 /mcu/ICHG_B))
    (pad 2 smd roundrect (at 0.7875 0) (size 0.875 0.95) (layers F.Cu F.Paste F.Mask) (roundrect_rratio 0.25)
      (net 2 GND))
    (model ${KISYS3DMOD}/Capacitor_SMD.3dshapes/C_0603_1608Metric.wrl
      (at (xyz 0 0 0))
      (scale (xyz 1 1 1))
      (rotate (xyz 0 0 0))
    )
  )

  (module Capacitor_SMD:C_0603_1608Metric (layer F.Cu) (tedit 5B20DC38) (tstamp 5BDC1581)
    (at -153.7 131.1)
    (descr "Capacitor SMD 0603 (1608 Metric), square (rectangular) end terminal, IPC_7351 nominal, (Body size source: http://www.tortai-tech.com/upload/download/2011102023233369053.pdf), generated with kicad-footprint-generator")
    (tags capacitor)
    (path /5B9F4DB1/5B9FA112)
    (attr smd)
    (fp_text reference C13 (at 0 -1.43) (layer F.SilkS)
      (effects (font (size 1 1) (thickness 0.15)))
    )
    (fp_text value 100n (at 0 1.43) (layer F.Fab)
      (effects (font (size 1 1) (thickness 0.15)))
    )
